18,20,37,1
0,15,30,0
0,14,50,0
18,30,41,0
0,14,15,1
3,20,49,0
29,38,49,1
4,13,37,0
5,10,14,1
13,34,50,1
2,10,41,0
3,37,49,0
2,19,59,0
10,26,38,0
17,38,49,1
30,45,47,1
1,17,59,1
1,3,34,1
21,35,50,1
1,5,21,0
16,38,49,1
9,23,47,1
29,35,47,1
19,23,58,1
7,10,41,1
26,29,44,1
38,40,44,1
2,23,54,1
3,24,26,0
19,34,53,0
0,52,59,0
1,19,40,0
4,24,30,0
9,35,53,1
11,51,62,0
4,20,50,1
8,11,18,0
10,11,61,0
9,23,62,1
18,20,35,1
27,57,61,1
9,51,57,1
6,13,56,1
16,31,48,0
13,19,58,0
7,25,59,0
18,27,28,1
17,21,29,0
15,30,43,0
5,52,60,0
48,54,57,1
28,45,54,1
3,7,45,1
24,27,28,0
36,52,63,1
48,57,60,0
6,56,62,0
21,32,36,0
12,25,44,1
5,11,12,1
31,32,55,1
7,22,48,1
23,36,63,0
12,24,58,0
39,44,54,1
33,55,62,1
39,55,58,0
6,22,46,1
12,27,33,1
5,43,55,1
11,17,48,1
22,36,53,1
8,16,62,1
16,25,40,0
8,35,52,1
24,28,43,1
36,46,54,1
33,37,42,0
8,40,46,1
22,39,59,0
17,22,60,1
0,4,31,0
40,44,60,1
41,47,57,1
2,31,33,0
43,45,56,0
20,27,51,0
6,43,51,0
8,9,58,0
4,29,53,1
16,33,41,0
32,34,39,0
32,61,63,0
42,50,61,0
6,42,53,1
15,25,56,1
26,32,37,0
13,25,42,0
34,47,55,0
45,56,63,1
7,42,51,1
15,46,60,1
1,26,39,0
2,12,31,0
28,46,63,1
21,52,61,0
