13,25,49,0
31,49,50,0
2,16,23,0
8,28,41,1
2,25,31,1
22,54,62,1
8,11,63,1
16,30,50,1
8,11,38,0
6,22,50,1
8,13,43,1
24,61,62,1
2,23,24,0
19,25,28,1
5,35,62,0
27,49,50,1
14,23,24,0
1,19,28,0
24,35,61,1
19,20,43,1
11,21,22,0
38,54,56,1
9,41,46,0
10,20,23,0
5,12,37,0
1,22,24,1
38,39,59,1
1,28,30,1
6,46,62,1
12,31,42,1
29,52,53,0
15,20,32,1
15,23,63,0
8,14,15,0
27,32,50,0
2,52,61,1
3,21,54,0
1,10,18,1
6,26,52,0
46,47,58,1
42,53,60,0
9,20,56,1
27,37,60,0
21,36,44,1
0,21,47,0
22,30,52,0
3,17,29,1
18,26,31,0
1,5,20,0
26,30,32,1
2,6,58,0
3,52,56,0
3,11,27,1
5,7,37,0
37,39,51,1
4,17,27,0
0,19,32,1
17,30,44,1
17,33,53,0
1,32,44,1
38,47,63,0
45,55,57,1
18,48,58,1
5,38,61,1
41,53,56,1
23,33,52,1
15,40,42,0
4,27,36,0
34,44,45,1
0,36,42,0
14,29,33,0
14,49,59,1
36,39,45,1
0,2,7,1
10,45,59,1
29,33,34,1
9,21,51,1
29,48,54,0
42,45,50,0
21,34,37,0
6,17,25,1
5,33,41,0
11,33,55,0
9,42,44,0
7,56,61,1
34,40,57,1
0,47,60,1
20,40,63,0
35,57,63,1
9,49,62,0
46,51,60,0
4,7,12,1
24,48,62,1
6,12,39,0
36,49,55,0
3,39,47,0
31,47,60,1
4,40,41,0
10,55,58,1
8,44,58,0
14,26,43,1
12,29,46,0
43,51,59,0
14,35,51,1
4,18,55,0
0,11,39,1
12,45,54,0
3,16,26,0
25,43,57,0
13,46,53,0
15,19,61,0
28,35,54,1
10,40,51,0
26,48,55,1
35,36,57,0
7,28,53,0
31,34,57,1
4,58,59,1
10,17,18,1
13,19,41,0
25,34,56,1
37,43,59,0
22,38,48,0
7,9,40,1
13,15,18,1
13,30,48,1
32,60,63,0
