5,39,44,1
5,39,44,0
32,33,60,0
13,32,55,1
2,21,54,1
2,5,32,1
48,53,54,0
12,40,61,0
13,21,32,1
20,21,34,1
9,37,59,1
59,60,61,1
14,40,44,0
1,20,35,1
7,45,53,1
45,48,50,0
9,50,59,0
6,57,61,1
4,20,34,1
2,5,20,0
27,33,37,0
0,21,55,1
7,27,55,1
0,15,27,0
1,6,14,0
18,33,48,0
15,34,62,1
9,41,49,0
12,29,52,1
1,17,18,0
17,21,47,1
4,15,17,1
1,38,49,1
6,19,59,0
2,12,22,0
10,25,63,1
2,15,57,1
1,16,49,0
10,17,57,0
20,35,58,0
47,58,63,1
22,38,57,1
6,22,29,0
19,24,36,1
17,30,59,0
27,28,50,0
0,19,27,1
17,27,29,0
3,16,59,1
7,18,58,0
25,29,41,0
12,14,28,0
24,41,49,0
1,10,45,1
39,41,52,1
7,10,41,1
16,40,63,0
22,23,48,0
8,28,63,1
27,36,54,1
8,17,62,1
11,38,46,1
15,31,53,1
22,56,63,0
16,35,52,1
43,46,60,0
8,43,61,0
25,35,62,0
6,48,57,0
1,19,51,1
2,37,43,1
10,25,60,0
26,33,35,1
38,50,55,1
30,51,58,0
30,40,55,1
7,41,56,0
44,55,59,1
6,9,23,1
0,26,35,1
23,25,53,1
9,28,46,1
8,24,46,1
18,31,62,0
26,47,49,0
9,32,49,0
19,42,46,0
16,42,52,0
15,50,54,0
8,18,48,1
11,13,40,1
13,49,63,1
18,42,46,0
20,26,52,1
3,13,23,1
4,9,21,1
3,34,51,1
4,43,54,1
26,33,34,0
12,28,30,1
12,33,37,0
23,43,45,0
5,53,58,1
11,16,36,1
3,31,40,1
24,29,57,0
29,36,51,1
11,47,62,0
26,56,63,0
4,23,38,0
11,13,38,0
28,39,42,0
2,51,56,0
6,34,56,0
5,19,37,1
33,53,55,1
10,24,50,0
13,39,42,0
4,31,51,1
19,45,50,0
0,7,11,0
36,40,61,0
10,16,47,1
29,31,53,0
20,52,58,1
4,32,45,1
24,37,41,1
25,36,38,0
35,44,56,0
22,48,60,0
3,42,60,0
24,54,56,0
5,30,47,0
14,28,52,0
12,22,46,0
14,26,31,1
3,8,54,1
0,43,62,0
21,31,60,0
11,23,42,1
14,30,57,1
3,51,58,0
15,43,47,1
37,45,62,0
8,30,34,1
7,25,32,0
14,36,61,0
0,18,61,0
