12,26,43,0
29,32,35,1
3,10,20,0
10,15,20,1
30,42,53,1
12,30,53,1
19,38,45,1
7,13,47,1
8,42,59,1
1,9,19,1
1,44,48,1
12,41,45,0
25,35,59,0
9,25,44,1
29,30,62,0
13,46,52,1
25,30,46,1
8,27,35,0
15,39,43,1
20,38,44,1
18,40,41,1
3,9,53,1
1,18,48,1
3,20,43,0
7,27,47,0
39,52,63,0
0,8,25,1
19,34,58,1
7,9,63,1
36,37,40,0
11,40,46,1
4,10,56,1
24,48,51,0
51,62,63,0
29,48,62,0
2,34,50,1
13,16,56,0
4,12,31,1
4,58,62,0
3,5,60,1
32,39,49,0
7,10,37,0
28,54,61,1
31,38,56,0
17,18,32,0
6,22,29,1
17,24,33,0
14,27,58,1
0,16,52,0
5,16,22,0
5,11,42,1
15,28,51,0
5,22,41,1
22,53,60,0
31,37,55,1
23,32,57,0
6,39,51,1
1,23,41,0
13,44,50,1
27,52,57,0
14,36,47,0
2,55,57,0
2,16,43,1
40,54,55,1
2,6,37,1
28,31,55,1
0,21,57,0
4,33,42,1
49,56,59,1
26,46,58,1
8,23,50,0
33,38,47,1
17,36,61,1
6,14,15,1
11,34,63,0
21,24,60,1
0,26,28,1
45,49,59,1
11,49,61,1
24,34,54,1
36,45,54,1
35,50,61,0
14,33,60,1
17,18,21,1
19,21,23,0
