2,9,53,0
0,9,63,0
0,2,34,0
38,44,63,1
9,29,31,0
31,33,44,1
2,34,57,1
2,44,58,0
6,25,31,1
15,21,34,0
0,15,47,0
9,12,62,1
7,39,50,1
18,53,63,1
37,41,56,1
15,19,25,1
12,29,63,0
7,37,48,1
24,39,41,1
25,31,45,1
37,50,58,1
18,46,54,1
21,28,39,1
19,50,62,1
4,7,55,1
20,27,61,0
11,16,45,0
11,26,43,1
17,23,55,1
5,16,48,1
37,41,55,1
18,19,61,1
33,36,39,1
1,6,58,1
18,22,24,0
36,47,61,0
13,35,54,0
13,46,53,1
10,14,54,0
5,17,42,0
14,27,41,0
21,57,59,1
42,46,56,0
48,56,59,1
20,25,28,1
8,26,51,1
20,48,51,1
45,49,58,1
24,34,36,1
10,13,23,0
6,10,27,0
32,52,59,1
8,11,52,0
12,14,38,1
16,24,49,1
20,51,62,0
3,23,32,1
4,16,43,1
30,33,51,1
10,26,60,1
30,54,56,0
3,45,60,0
6,35,61,1
22,36,50,0
30,47,60,0
3,40,57,0
5,7,40,0
4,29,44,1
13,23,35,0
27,55,60,1
3,4,33,0
32,38,46,0
15,40,47,1
1,5,26,1
28,52,57,0
1,14,40,1
8,19,42,1
0,1,49,0
22,35,42,1
12,59,62,0
11,21,29,1
32,43,52,1
17,22,49,1
8,38,43,0
17,28,30,1
