0,27,31,1
24,37,63,0
31,34,45,1
34,37,45,1
15,24,31,1
0,33,37,0
1,21,41,1
12,45,63,0
12,23,33,1
15,24,54,0
24,29,54,0
33,41,44,1
4,17,48,1
12,40,53,1
9,28,46,1
43,48,63,0
2,39,54,0
27,32,33,1
2,17,44,0
25,38,53,0
1,43,44,1
22,51,55,0
9,49,50,1
34,40,51,0
16,39,59,1
0,32,52,1
2,17,36,1
46,59,60,1
17,18,38,1
15,25,47,0
14,26,63,0
13,14,42,1
26,55,57,0
26,36,45,0
7,22,37,1
7,21,38,0
2,22,50,1
13,26,54,0
12,36,47,0
4,39,60,0
13,31,61,1
6,20,60,0
7,36,42,0
30,40,59,1
16,50,58,0
16,25,42,0
1,34,58,1
10,52,55,1
3,6,29,1
20,28,49,1
8,10,46,1
6,22,61,0
23,35,58,1
13,18,29,0
38,41,43,0
8,14,41,1
8,48,62,1
9,43,57,0
27,35,42,0
19,23,61,1
11,57,62,0
40,50,61,0
35,48,56,0
10,32,35,1
11,30,62,0
5,11,14,0
18,19,32,1
19,44,46,0
3,51,60,0
5,51,58,0
4,20,56,1
23,30,52,1
28,29,47,1
10,55,62,0
6,11,56,0
16,25,28,1
3,5,20,1
9,15,59,1
8,21,53,0
3,7,30,0
0,4,49,1
1,21,49,1
5,19,39,0
18,53,57,1
47,52,56,1
