26,28,49,1
24,26,40,0
10,20,58,1
10,37,56,1
24,48,58,0
10,20,48,1
37,49,56,0
4,9,33,1
13,43,47,1
9,26,40,0
48,55,57,1
20,40,57,0
22,34,44,1
0,32,61,1
13,24,57,0
2,30,49,0
4,14,41,1
35,49,56,1
2,43,48,1
16,37,46,1
13,22,58,0
14,34,47,1
8,37,40,0
35,40,55,1
6,16,41,1
18,25,30,0
2,5,18,1
1,4,53,1
2,22,33,1
30,46,58,0
24,29,36,0
19,33,54,0
13,44,55,0
4,6,56,0
10,38,61,0
5,14,47,0
7,15,32,0
27,29,44,1
5,36,63,1
10,59,63,0
9,29,38,0
3,5,15,1
25,52,62,0
7,29,61,1
22,38,59,0
9,20,62,0
12,19,20,0
21,27,41,1
44,50,61,0
18,28,29,0
14,26,52,0
15,36,62,1
34,39,45,1
21,31,45,0
16,38,50,0
12,13,31,0
7,27,54,0
6,35,43,1
3,43,56,0
14,30,35,0
0,12,33,1
4,16,25,0
35,46,47,0
12,42,55,0
3,11,63,0
49,51,53,0
11,16,27,0
5,50,59,0
0,6,8,1
17,42,50,1
3,7,42,0
32,47,53,0
19,21,34,1
31,32,46,1
23,39,60,0
32,44,53,1
0,15,42,0
8,25,37,1
23,41,43,1
8,11,18,1
19,26,59,1
21,31,54,1
1,17,59,1
17,50,53,1
3,17,51,1
38,42,51,1
1,17,33,1
22,23,51,0
1,28,52,0
46,54,57,0
0,48,61,0
45,52,54,1
6,23,39,1
15,45,52,0
18,25,60,0
24,60,63,0
11,21,57,1
34,41,63,1
2,27,31,1
19,51,60,0
7,39,60,0
9,23,62,0
45,55,58,0
8,12,30,1
1,11,36,1
36,39,62,0
