8,35,45,1
10,45,50,0
5,8,10,1
5,12,27,1
4,47,50,1
27,45,58,0
8,9,58,0
12,22,27,0
10,36,50,1
12,14,47,1
4,12,63,0
3,18,41,1
9,19,62,0
10,21,63,0
14,29,62,1
42,56,60,1
18,45,59,0
18,29,51,1
1,29,35,1
3,35,60,0
14,47,56,1
23,35,45,0
26,60,63,1
14,36,54,1
26,31,59,0
1,48,56,1
12,21,22,1
5,31,59,1
1,58,63,1
9,23,43,1
19,41,62,1
3,18,52,0
48,53,57,0
3,9,23,0
16,54,61,1
29,42,43,1
16,20,39,0
21,44,60,0
7,20,23,0
40,44,57,1
19,48,58,1
4,35,46,0
26,59,63,0
10,22,57,0
3,11,38,0
17,40,57,0
29,48,54,1
16,53,61,0
41,55,61,0
26,43,58,0
0,47,53,0
31,32,39,1
1,4,38,1
27,44,61,0
10,36,49,1
30,38,49,0
9,26,57,0
16,42,55,1
1,7,36,0
28,39,49,0
46,47,62,0
8,33,43,1
18,30,37,0
7,17,37,1
15,20,62,1
7,20,34,1
28,32,55,1
4,17,24,0
16,32,50,0
15,33,39,0
23,31,36,1
11,16,22,1
11,40,51,0
12,19,21,0
32,38,54,0
5,20,51,1
13,17,55,1
5,15,24,0
23,34,53,1
0,6,28,1
13,14,48,1
0,2,59,1
2,40,52,1
19,21,46,1
19,30,53,0
24,30,62,0
6,11,60,0
4,6,58,1
11,25,37,0
2,7,41,1
25,42,47,1
15,24,30,1
24,34,56,1
15,24,63,0
9,33,48,0
14,28,53,1
7,51,56,1
0,11,37,1
21,29,55,0
41,54,61,0
39,46,59,1
25,27,33,1
2,22,46,1
18,33,38,1
13,34,52,1
6,31,34,1
32,33,49,1
3,28,30,0
22,60,61,1
35,43,51,0
32,43,57,0
2,52,55,0
13,15,40,0
25,36,54,1
27,42,44,0
0,8,28,0
26,49,56,1
1,25,52,0
5,17,31,1
40,41,49,1
2,38,44,1
25,34,37,1
17,37,51,1
6,13,39,0
13,20,45,1
0,44,46,0
6,42,52,1
