14,42,45,1
8,16,45,1
43,45,51,0
16,41,62,0
40,41,42,1
14,17,40,0
1,12,16,0
20,35,43,0
12,14,35,1
12,42,51,0
23,49,51,1
8,34,56,0
12,40,57,1
0,33,37,0
14,24,33,1
2,4,47,1
4,7,24,1
20,23,35,0
8,9,20,0
16,45,55,0
16,24,56,0
5,23,59,1
2,26,27,0
1,6,41,0
6,44,59,0
24,42,47,1
3,17,57,0
13,26,44,1
3,6,54,0
44,55,57,0
6,54,55,0
5,33,34,0
13,43,44,0
19,49,56,0
49,57,61,1
16,26,57,0
27,35,42,0
11,19,62,0
17,47,61,0
19,20,35,1
37,47,55,0
3,53,63,0
9,21,53,1
9,33,58,0
8,34,52,0
11,20,58,0
19,46,50,0
23,37,58,1
9,29,32,1
3,27,56,1
14,57,61,0
33,38,63,0
5,41,59,0
24,31,62,0
13,25,52,1
19,37,53,0
9,31,43,0
7,23,30,0
40,44,47,0
28,49,51,1
1,3,50,0
8,29,38,0
0,44,61,0
23,29,44,1
9,17,40,0
11,27,36,0
8,51,54,1
5,30,36,0
7,25,53,0
2,26,59,0
28,30,45,1
39,47,50,0
14,18,26,1
21,28,30,1
10,12,32,0
28,37,45,0
6,39,51,0
10,25,29,1
22,48,56,1
0,18,39,0
12,21,60,1
11,23,52,1
7,10,42,1
21,33,63,1
0,4,61,1
30,51,55,1
2,23,62,0
18,51,55,0
19,40,58,0
15,34,61,1
24,56,62,0
32,39,46,1
10,29,31,1
30,35,40,1
1,38,58,1
21,24,48,1
9,34,54,0
24,33,36,0
20,50,54,0
25,38,44,1
32,59,62,1
5,21,39,1
7,36,47,1
11,22,49,1
5,17,32,0
3,6,22,1
11,50,59,0
4,38,52,0
4,18,25,1
21,31,35,0
16,37,60,1
34,46,60,1
20,38,48,1
18,48,63,0
3,49,60,0
27,50,56,1
15,36,63,0
30,58,63,0
28,29,40,0
14,27,59,0
7,30,52,0
12,29,46,0
36,48,55,0
2,22,37,1
4,13,52,1
2,15,43,0
22,52,58,0
2,31,53,1
28,43,62,0
29,32,45,1
7,31,50,1
3,10,38,1
1,52,54,0
11,25,46,0
15,31,61,1
22,42,43,1
6,13,54,0
49,55,57,0
34,39,48,1
11,14,56,1
27,46,60,1
15,32,36,1
13,26,53,0
18,41,61,0
2,4,28,1
1,5,26,0
10,27,60,1
39,45,63,1
5,8,17,0
15,41,53,0
22,32,37,0
41,53,62,1
20,26,63,1
12,36,60,1
6,17,59,0
7,8,34,1
18,28,35,1
18,19,25,1
13,15,19,1
16,41,46,0
0,10,58,0
13,25,43,1
15,48,50,1
39,46,48,1
9,10,22,1
33,47,54,1
0,4,60,1
0,49,57,1
0,31,38,1
