29,46,62,1
45,46,62,0
29,32,46,1
2,45,57,0
43,45,57,1
56,57,63,0
19,25,63,0
9,30,63,1
2,34,56,0
30,45,53,0
26,43,48,0
15,53,59,0
29,39,59,1
25,37,57,1
6,26,43,1
2,30,40,1
5,43,49,1
23,26,40,1
5,19,23,1
1,33,62,0
10,30,49,0
1,20,34,0
39,48,53,1
5,33,38,0
35,38,52,1
23,32,52,0
20,31,59,0
8,47,62,1
8,10,41,1
0,16,25,1
44,51,58,0
15,38,42,0
15,47,52,1
5,40,48,0
17,37,56,1
7,24,41,1
24,41,55,0
37,39,44,0
2,48,55,1
4,28,51,0
4,32,60,0
15,26,35,1
12,31,42,1
17,44,51,1
11,21,33,1
12,39,55,0
7,16,42,0
0,37,47,1
12,14,29,1
16,17,53,1
11,41,49,1
0,3,27,0
28,31,32,0
16,44,50,1
3,6,20,1
19,20,50,0
3,13,58,1
4,7,61,0
1,9,12,0
9,52,60,1
8,18,21,0
6,14,60,1
8,36,51,1
34,36,54,0
10,25,46,0
23,50,59,0
10,17,34,0
14,54,60,0
27,28,40,1
1,33,61,1
22,24,54,0
13,27,35,0
9,22,49,1
3,35,61,1
7,18,36,0
11,13,55,1
14,21,47,1
0,18,56,0
18,22,58,0
13,38,42,0
19,21,36,0
11,22,50,1
24,27,58,1
4,6,61,1
28,31,54,0
