0,35,43,1
7,8,61,0
0,7,30,0
4,30,51,1
8,25,61,0
14,41,51,1
0,10,36,0
9,25,62,1
16,37,44,1
1,37,60,0
4,30,41,0
7,9,11,1
8,36,62,0
9,10,30,0
4,14,31,1
18,27,51,1
9,24,55,0
7,26,37,0
11,18,44,1
5,9,31,1
1,36,43,1
38,48,61,0
16,33,36,0
45,49,56,0
4,51,56,1
6,19,25,1
1,33,38,0
19,45,56,0
10,46,49,0
10,22,39,0
35,48,49,0
0,8,47,1
3,6,55,0
17,21,34,0
17,20,40,1
21,29,30,0
12,37,62,1
1,7,29,0
33,43,56,0
14,27,40,1
27,47,63,1
20,54,57,0
11,37,63,0
40,47,48,0
32,38,53,1
5,39,60,1
5,11,14,1
17,29,63,0
1,47,52,1
31,52,54,1
6,25,26,0
4,49,54,0
21,32,60,1
12,24,57,1
12,23,42,1
6,20,62,1
2,34,42,0
15,21,55,1
20,23,46,1
21,23,42,0
29,45,47,0
32,44,54,0
2,26,46,0
2,41,45,0
18,34,53,1
38,45,59,1
31,35,50,1
13,28,55,0
17,36,50,0
8,13,27,1
3,12,50,0
2,24,26,1
15,52,63,0
3,40,58,1
28,48,50,0
12,42,59,1
34,58,60,1
16,52,62,1
33,48,63,1
5,32,44,1
14,55,61,0
15,16,50,0
16,57,58,0
18,19,49,0
20,22,23,1
13,35,53,1
33,39,61,0
13,39,57,0
3,25,53,1
42,46,58,1
10,22,57,0
0,22,40,1
24,53,59,1
35,39,58,1
28,38,60,0
19,22,31,0
17,41,46,0
3,26,32,1
29,52,59,1
13,24,34,1
5,27,28,1
15,54,59,0
15,18,28,0
2,11,23,0
19,51,56,0
6,41,44,1
