4,41,42,0
14,18,29,1
18,42,53,1
3,14,62,1
0,38,46,1
18,25,41,0
3,18,29,1
10,43,62,1
11,17,48,1
29,40,43,1
3,4,43,0
5,41,54,0
32,34,50,0
1,13,30,1
5,14,29,0
4,17,53,1
11,38,50,0
13,25,48,1
1,38,56,1
30,40,57,0
8,10,22,0
0,31,53,1
6,48,55,1
10,38,46,0
16,28,44,1
1,43,54,0
27,28,61,1
5,24,34,0
24,27,46,1
1,34,53,1
2,58,63,0
16,24,58,1
11,12,17,1
35,37,61,1
3,21,58,0
8,21,54,1
25,48,61,0
0,2,41,1
7,16,60,1
17,32,50,0
24,37,60,0
15,27,56,0
21,40,57,1
30,37,59,0
26,35,62,1
2,8,37,1
47,57,60,1
13,52,63,1
27,31,46,1
28,47,49,1
2,13,42,1
23,44,63,1
12,22,55,0
15,19,51,1
0,10,30,1
26,49,57,1
20,44,52,0
23,26,32,0
21,47,59,0
31,36,51,0
7,23,58,0
6,54,55,0
33,45,59,0
9,39,60,0
14,16,56,0
6,25,31,0
12,36,45,1
9,12,33,1
39,45,51,1
7,9,28,1
19,35,62,1
4,9,33,0
20,34,44,1
39,49,61,0
32,36,56,1
22,50,52,1
23,45,47,0
6,8,35,0
5,7,33,0
19,40,59,1
15,22,26,0
11,49,51,0
15,52,63,0
20,36,55,1
19,20,39,0
