16,28,34,1
5,28,34,0
14,16,17,1
5,20,24,1
17,20,28,0
5,20,34,1
5,24,28,1
12,19,21,1
21,49,63,1
21,32,35,0
2,11,23,0
1,2,53,0
2,14,53,0
11,13,23,0
11,43,46,0
8,20,46,1
17,40,51,0
3,35,50,0
8,19,46,0
1,32,38,0
23,49,50,0
34,41,56,1
3,26,59,0
4,38,60,1
8,59,63,1
0,32,49,0
40,43,55,1
7,33,41,0
9,22,59,0
1,58,59,0
16,21,27,1
37,45,55,1
1,12,55,0
4,32,56,1
3,20,59,0
12,24,49,1
19,52,57,0
4,57,61,1
12,15,41,1
13,36,51,1
27,48,54,0
16,45,53,0
2,56,57,0
6,27,42,0
24,45,58,1
14,25,35,0
3,10,19,1
15,25,27,0
18,39,46,0
4,22,47,0
22,25,29,1
19,52,63,0
8,52,60,0
7,15,61,1
3,6,35,0
39,53,58,1
15,38,58,1
31,61,62,1
11,36,42,1
33,57,58,1
40,49,51,0
38,39,48,1
10,23,37,0
7,37,50,0
0,14,50,0
18,30,47,1
26,37,54,0
35,45,52,1
25,29,60,0
23,33,48,0
26,51,62,0
18,44,63,1
2,15,51,0
9,33,63,1
29,33,42,1
7,13,61,0
12,17,52,0
0,5,62,0
31,60,61,0
6,31,48,0
42,47,48,1
18,42,43,1
36,55,62,1
10,11,22,1
14,47,62,1
9,30,45,1
26,29,56,1
6,10,32,1
9,21,39,0
37,43,54,0
7,13,56,1
6,30,54,1
0,27,54,0
0,40,50,0
26,31,43,0
8,13,36,0
22,41,44,0
4,30,39,1
36,40,41,0
10,38,44,0
1,30,31,1
44,46,47,0
25,28,57,0
9,29,44,1
17,18,60,1
24,53,55,1
