13,19,40,1
13,25,40,0
0,25,40,0
23,62,63,1
39,41,53,0
16,40,46,0
11,13,43,0
7,39,43,1
17,46,53,1
0,17,25,1
7,23,43,0
19,23,27,0
14,48,58,1
14,41,46,1
30,31,53,1
11,17,62,0
42,58,62,0
39,56,62,0
22,26,53,1
34,61,63,0
6,33,57,0
6,26,45,1
5,6,34,0
1,26,53,0
24,30,41,1
5,24,32,0
0,59,61,0
32,42,45,1
6,14,29,0
34,43,60,0
34,42,54,0
27,38,39,0
2,18,41,0
46,47,48,0
53,56,58,1
33,49,63,0
30,52,54,1
0,15,45,0
11,38,43,1
4,27,57,0
1,47,55,1
3,15,17,0
6,29,60,1
16,25,31,0
14,51,56,0
33,50,62,1
20,39,59,0
2,26,50,0
45,56,60,1
4,14,38,1
9,20,51,0
11,24,49,1
5,15,61,0
25,47,50,0
2,23,51,0
12,49,52,0
8,12,16,1
31,34,42,1
23,30,31,0
8,33,57,0
7,22,49,1
12,32,51,1
21,35,55,0
18,39,44,1
22,48,63,0
28,54,59,0
7,19,21,1
9,19,41,1
29,36,61,0
8,36,47,0
21,33,48,1
9,44,59,1
21,36,47,0
2,36,60,1
7,9,50,0
9,28,38,0
0,48,54,1
10,18,32,0
3,45,52,1
16,26,27,1
10,24,59,0
29,30,49,1
3,20,34,1
24,36,63,0
12,28,38,0
5,9,59,1
32,44,58,0
29,44,56,0
35,38,42,0
31,46,52,0
6,41,58,1
3,5,52,0
26,27,37,0
1,55,57,0
4,13,27,1
1,8,35,0
3,17,46,0
4,40,61,1
22,28,37,0
15,22,24,0
10,51,54,0
35,57,63,1
28,33,55,0
7,16,40,0
10,31,44,0
5,11,29,1
30,51,62,0
1,14,50,0
0,52,54,1
35,36,55,1
1,2,58,0
11,42,48,0
4,15,21,0
3,18,49,1
18,19,56,0
12,22,37,0
21,23,60,1
2,8,50,1
18,32,45,0
20,57,61,0
8,20,25,0
12,35,60,1
17,37,44,0
10,15,55,0
10,20,28,0
37,43,47,0
4,16,37,0
