10,18,30,1
10,50,52,0
18,28,63,0
0,10,50,0
34,42,56,1
34,56,59,0
18,22,56,0
22,40,49,1
31,55,63,1
10,40,44,0
39,44,59,1
22,42,44,0
0,9,48,1
41,54,59,0
6,40,55,0
6,34,36,0
19,49,50,0
17,41,49,1
6,42,44,1
19,21,28,1
0,51,55,0
36,56,59,1
3,41,42,0
51,58,63,1
9,29,55,0
21,59,63,0
17,21,29,1
16,42,50,0
0,2,19,1
21,51,55,0
3,28,46,1
17,48,58,1
0,22,32,1
10,28,59,0
2,39,49,0
18,21,51,1
25,41,58,1
15,23,44,1
15,17,52,1
41,43,61,1
19,27,30,1
21,31,38,1
1,15,27,1
30,52,53,0
3,35,39,1
16,24,31,0
16,32,51,1
24,37,61,0
14,37,45,1
45,51,53,0
0,32,39,1
7,48,54,0
37,45,54,0
1,17,23,1
11,28,46,1
36,38,53,1
4,9,38,0
19,35,43,0
1,31,54,1
26,32,48,0
18,20,48,1
4,33,44,1
11,61,62,1
11,13,35,1
24,25,62,1
26,32,38,0
25,26,34,0
7,11,35,0
10,15,24,0
0,13,62,1
23,26,43,0
45,49,52,0
24,43,55,1
15,18,29,1
2,28,36,0
9,31,34,1
16,25,28,0
18,34,45,1
16,33,56,0
33,55,58,0
7,12,39,0
12,42,48,0
3,33,63,1
1,47,54,1
29,40,46,1
19,52,53,0
11,14,22,1
22,42,46,0
12,13,39,0
13,32,37,0
31,41,59,0
1,35,62,1
5,6,8,0
29,33,49,0
16,57,61,0
5,9,13,0
8,25,53,1
4,7,38,0
2,4,37,1
2,3,50,0
9,20,48,0
24,47,62,0
2,22,26,0
12,56,62,1
14,15,57,0
11,23,60,0
29,38,56,1
5,7,27,0
8,33,50,0
17,34,43,0
14,19,38,1
5,9,26,1
12,14,20,0
27,40,61,1
20,40,50,0
24,46,60,0
17,52,60,0
26,33,60,1
14,61,62,0
37,54,58,0
6,8,12,0
21,46,53,0
4,15,23,0
43,46,57,0
14,47,53,0
5,6,25,0
7,39,60,0
3,31,36,1
20,40,60,1
13,36,47,0
54,57,58,1
27,29,37,0
35,51,57,1
7,45,61,0
23,32,60,1
16,44,63,0
27,49,63,1
12,20,23,0
5,8,47,0
8,10,45,1
8,11,41,0
5,20,30,1
6,35,57,0
36,43,47,1
27,47,57,0
1,2,25,0
1,3,4,0
4,13,58,1
