11,30,44,0
17,19,51,0
11,17,46,0
19,27,57,1
5,25,46,0
25,59,61,0
19,59,62,1
18,19,22,1
22,42,54,1
16,17,27,1
25,57,59,1
30,46,51,0
22,39,45,1
6,59,62,0
16,18,39,1
16,22,46,1
4,38,56,1
4,7,37,0
8,44,56,1
31,34,40,1
27,42,61,0
11,15,31,0
5,22,34,0
30,40,45,0
18,39,54,1
11,13,28,1
15,20,43,0
15,57,59,0
22,26,61,1
31,54,57,0
5,42,60,1
28,42,43,1
36,44,54,1
7,14,44,0
8,28,37,0
19,41,61,1
4,26,46,0
26,42,46,0
4,51,60,1
13,28,40,0
14,41,57,0
20,40,53,1
53,55,62,1
16,27,38,0
4,17,23,0
18,37,60,0
5,49,58,0
13,45,56,0
7,31,54,1
26,57,60,1
7,42,53,1
14,38,39,0
7,27,49,1
15,41,54,0
2,30,41,1
6,19,22,1
30,58,61,1
20,32,44,1
3,15,18,1
27,43,47,0
6,45,55,1
32,36,39,1
7,25,41,1
15,24,59,0
2,28,54,1
24,59,62,1
25,46,49,1
49,52,63,0
49,51,55,1
14,17,53,1
6,25,47,0
0,3,5,0
24,28,63,1
10,47,63,1
9,37,49,0
0,34,45,1
9,12,36,1
32,43,61,1
12,27,42,0
0,44,48,1
6,14,58,1
0,9,16,1
10,17,48,0
5,17,55,0
7,26,36,0
11,52,53,1
12,18,60,0
13,39,63,1
23,36,47,1
43,52,63,1
10,16,31,0
10,24,58,1
4,28,40,0
20,33,52,1
2,40,56,0
32,34,48,1
6,24,53,0
29,40,47,0
10,29,31,1
23,32,56,0
11,17,21,0
5,13,25,0
5,6,40,0
9,10,21,0
4,8,36,0
1,14,18,1
31,60,61,1
6,33,34,1
0,43,63,0
8,35,54,0
9,36,50,0
39,56,58,0
47,50,53,0
10,48,58,0
0,1,23,0
8,23,48,0
2,29,44,0
20,28,60,0
23,33,52,1
35,41,50,0
37,50,57,1
18,29,59,0
14,48,55,1
13,23,26,1
3,35,37,1
4,34,41,1
21,24,29,1
33,43,60,1
19,21,38,0
12,61,63,1
22,49,55,0
3,20,29,0
2,23,37,0
10,48,58,1
3,29,35,0
1,8,14,1
13,24,51,0
38,45,50,0
8,21,50,1
39,43,63,0
1,8,62,1
12,13,35,1
1,34,42,0
2,29,48,1
32,33,46,0
20,32,62,1
1,41,52,0
44,52,53,1
11,33,56,1
9,19,56,0
2,3,33,1
16,35,50,1
0,3,12,1
16,52,62,0
3,12,55,0
35,37,55,1
9,30,38,1
7,9,32,1
38,50,57,0
21,33,38,1
12,27,45,1
2,20,31,1
1,21,25,1
1,34,36,0
45,47,58,1
15,26,62,0
0,26,47,0
21,24,35,1
15,30,49,1
