5,10,35,0
1,10,17,0
10,35,41,0
13,26,44,0
5,33,35,1
0,7,19,0
16,25,27,0
27,38,43,1
2,18,32,1
1,6,18,0
12,31,44,1
16,33,34,1
0,11,44,0
25,34,47,1
8,31,46,1
21,28,41,0
9,26,43,0
31,33,42,1
14,17,23,0
20,30,43,1
3,19,33,1
2,8,12,1
11,23,25,1
12,32,45,1
3,6,14,0
9,21,38,1
7,14,40,0
21,30,34,0
11,39,46,1
22,26,46,1
6,11,37,1
24,37,39,1
13,20,22,0
15,36,47,0
4,18,38,1
7,28,44,1
14,29,39,0
9,13,16,1
4,8,46,1
7,26,32,0
10,37,45,0
16,35,38,1
20,27,32,1
15,24,36,0
21,40,41,1
22,24,31,1
1,9,45,0
4,8,15,1
18,27,41,1
2,29,42,0
15,30,36,0
5,23,24,0
12,13,36,1
22,39,40,1
5,25,45,1
23,29,34,0
2,42,47,1
1,37,40,0
4,42,47,1
19,29,30,0
