10,17,28,1
0,35,41,0
0,27,30,0
23,35,49,1
33,47,57,1
2,5,7,0
25,29,57,1
6,27,46,1
26,33,54,0
2,33,35,1
26,51,56,1
8,30,41,1
21,40,54,0
22,49,50,1
17,41,46,0
14,48,58,1
2,6,20,1
23,24,35,1
40,46,49,0
3,25,55,1
26,28,48,0
7,12,39,0
8,14,51,1
7,54,60,1
32,55,60,1
6,13,36,0
2,12,37,0
3,26,58,1
9,24,48,0
1,30,38,0
8,57,59,1
18,28,32,1
1,31,42,1
1,9,22,0
3,14,51,0
18,39,46,0
4,60,62,1
40,43,51,1
20,36,61,0
14,32,37,0
3,7,56,1
38,40,53,0
13,22,44,0
4,31,42,1
15,21,45,0
11,44,50,1
31,42,52,0
39,49,56,0
8,27,33,1
11,31,50,1
5,13,29,1
45,53,62,0
10,20,63,0
10,28,52,1
0,32,41,1
18,34,55,1
47,48,58,1
13,24,62,0
1,21,39,0
15,25,52,1
11,37,47,0
17,27,52,0
15,44,59,1
5,45,54,0
55,57,63,0
9,59,61,1
19,44,58,1
12,42,62,0
15,19,20,0
25,38,60,1
9,53,63,0
19,53,63,0
16,22,24,0
29,38,61,1
4,29,37,1
4,10,47,0
0,36,59,1
6,18,21,1
12,36,61,0
11,19,45,1
