0,13,25,0
11,15,18,0
10,22,28,0
5,13,17,0
13,18,19,0
0,22,28,1
3,5,13,0
4,5,29,0
1,9,20,0
10,17,26,1
6,10,27,0
1,3,25,1
0,11,22,1
6,14,31,1
1,29,30,1
0,21,25,0
7,11,21,1
21,26,31,1
9,14,23,1
8,25,31,0
2,8,16,1
2,13,20,1
0,12,27,1
5,27,29,1
11,21,30,0
3,11,28,1
6,21,24,1
4,9,23,1
8,24,28,0
5,19,29,0
0,16,30,0
24,28,30,1
7,14,23,1
8,10,17,1
23,28,29,0
12,24,26,1
7,11,12,0
2,4,19,1
1,2,23,0
6,23,31,1
5,12,26,0
8,16,17,1
1,4,8,0
15,16,20,0
1,12,30,0
3,4,17,1
14,16,29,1
4,22,24,1
18,24,26,1
16,21,26,0
7,15,17,1
6,20,31,1
10,12,30,1
3,6,19,0
18,25,31,1
