17,22,30,1
5,14,30,0
5,26,31,0
14,29,30,0
6,14,25,0
6,22,26,1
2,25,31,0
10,11,21,0
0,20,21,0
8,11,14,0
0,19,25,1
0,8,29,1
2,13,25,0
7,13,23,1
4,11,27,1
1,22,24,1
7,12,27,0
4,14,18,0
13,15,18,0
12,30,31,0
0,11,15,1
10,12,28,0
16,19,31,1
19,20,28,1
16,18,20,0
9,12,29,0
9,23,29,1
10,19,21,0
16,21,23,0
2,7,18,0
1,4,24,1
10,20,28,0
5,8,23,0
3,10,27,1
15,23,28,1
18,29,31,1
3,13,15,1
3,4,12,1
9,20,28,1
8,16,22,0
3,13,30,1
0,16,24,1
1,17,25,1
11,17,24,1
4,9,15,1
7,9,17,1
2,7,27,0
1,3,24,0
8,19,27,0
1,2,21,1
