9,14,18,0
14,20,21,0
4,21,24,0
8,19,20,1
11,19,20,0
2,11,24,0
4,5,15,1
0,12,14,1
18,21,28,1
5,22,26,1
2,18,28,0
0,11,19,0
9,13,17,1
19,26,29,0
2,6,25,1
12,14,18,0
2,19,29,1
2,4,8,1
6,7,22,1
1,23,26,1
1,7,28,1
28,29,31,0
8,29,31,1
3,5,29,1
14,28,30,1
26,30,31,0
24,27,31,0
4,25,27,1
3,8,18,0
0,25,26,1
1,9,17,1
4,6,17,1
19,22,23,1
6,7,27,0
3,4,27,1
15,16,29,1
6,15,30,1
5,16,23,1
6,10,23,1
8,22,27,0
3,12,30,0
9,21,22,0
3,10,12,1
20,21,23,0
25,28,31,1
7,11,25,1
10,16,26,1
15,16,30,1
7,25,27,0
12,13,17,0
1,5,15,0
11,23,24,0
7,8,9,1
1,2,5,1
10,16,18,0
10,15,17,0
1,22,30,0
3,10,17,1
12,16,31,0
11,13,21,1
