1,15,20,1
4,27,28,1
12,14,15,1
1,4,20,1
2,15,28,1
5,6,20,0
12,22,29,1
4,15,25,1
15,20,24,0
8,12,15,0
0,20,27,1
0,12,24,0
2,15,29,1
8,16,29,0
6,11,24,0
11,14,29,1
8,14,23,1
5,12,16,1
5,9,14,0
4,23,30,1
23,25,27,0
9,17,27,0
9,26,29,0
9,22,27,1
20,22,28,1
11,14,24,0
9,11,22,1
6,10,17,0
0,1,21,1
0,13,21,0
1,2,25,1
2,11,31,0
4,8,30,0
1,23,28,0
7,14,30,1
19,23,27,0
0,9,17,0
1,3,28,0
3,21,26,0
1,19,31,1
8,17,24,0
0,2,13,1
7,13,26,0
17,21,26,1
3,7,21,0
19,24,29,0
7,11,12,0
16,23,30,0
3,26,30,0
0,10,31,0
10,13,16,1
5,16,31,1
13,19,26,0
19,21,26,1
18,27,29,0
10,22,30,1
3,16,18,1
7,10,18,1
13,18,21,1
4,23,31,0
9,16,19,1
4,7,8,1
3,10,24,1
5,17,18,0
2,20,25,0
2,13,31,0
10,11,22,1
8,18,30,0
7,18,31,1
3,17,19,0
