12,23,30,1
9,12,14,0
13,28,31,0
0,12,28,1
0,2,27,1
0,27,30,1
5,6,20,0
18,28,30,1
26,28,30,0
8,20,26,0
6,7,13,0
2,16,24,0
13,15,25,0
9,15,16,0
2,13,26,0
6,21,31,1
0,17,21,0
17,18,25,0
7,16,19,0
2,16,27,1
7,8,19,0
0,8,30,1
2,21,22,1
16,20,27,0
6,16,26,0
13,20,22,1
17,20,25,1
6,22,26,1
12,15,17,1
7,16,29,0
0,11,24,0
18,19,29,0
4,17,26,1
11,18,25,0
3,5,8,1
3,7,20,0
15,17,22,0
7,19,30,0
3,11,29,1
2,3,31,0
4,12,24,0
4,10,11,0
18,20,23,1
3,12,17,1
4,5,14,0
1,10,11,1
0,23,29,1
12,14,24,0
5,10,29,0
5,24,27,0
8,10,26,0
6,18,28,1
15,21,31,0
7,8,22,0
1,10,17,1
0,5,11,0
4,8,11,0
10,23,29,1
6,7,22,1
10,19,21,1
3,24,25,1
16,19,25,1
3,13,29,0
4,13,31,1
23,26,28,0
4,19,25,1
12,15,31,0
9,19,31,1
2,21,30,1
5,22,28,1
3,21,27,0
9,15,21,0
2,10,18,0
11,27,30,0
13,14,25,1
5,15,27,0
4,8,22,0
18,24,29,0
1,6,20,1
9,23,24,0
